Assignation	A2	A3	B2	A5	M2	A8	M7	N6	C3	D2	E2	F3
Acidobacteria	9.3	5	5.5	7.4	6.1	3.8	8.6	3.9	7	7.1	7.9	8.6
Actinobacteria	3.7	4.1	2	2	2.3	0.7	2.1	1.4	1.1	0.8	0.8	0.7
Bacteroidetes	10.3	17	8.6	18.2	17.6	0.9	15.4	37.6	12.6	10.4	5	2.6
Candidate_division_OP8	0.5	0.2	1.4	0.4	0.2	9.2	0.2	0.1	0.2	0.4	0.4	1
Candidate_division_WS3	2.7	2.4	2.2	3.1	2.4	1.4	2	1.2	2.6	3.1	2.6	2.2
Chlorobi	0.5	0.3	0.4	0.3	0.3	0.3	0.3	0.1	0.6	1.1	0.7	0.4
Chloroflexi	6.1	3.7	6.4	3	3.3	11.9	2.6	1.5	3.9	4.5	3.7	5.1
Cyanobacteria	0.7	1.3	0.7	0.9	1.3	0.1	0.5	0.5	1.9	1.4	0.2	0.1
Deferribacteres	0.4	0.3	0.6	0.7	0.3	1.3	0.4	0.1	0.6	1	0.7	1
Firmicutes	0.4	1.2	0.7	3.3	0.1	0.5	0.1	1.2	0.9	0.4	0.1	0.1
Gemmatimonadetes	1.2	0.9	1.1	1.6	1	0.9	2.2	1	1.8	1.7	2.5	1.8
Lentisphaerae	0.6	1.2	0.9	0.7	0.9	0.9	0.6	0.6	0.7	0.8	0.4	0.2
Nitrospirae	0.4	0.2	1.9	0.5	0.4	2.5	1	0.2	1.2	1.2	2.5	4.8
Planctomycetes	14.6	10.3	6.9	8.4	9.8	5.6	11.5	6.6	5.5	6.1	6.2	7.1
Alphaproteobacteria	4.8	4.6	2.5	4.3	5.6	3.4	6.4	4.7	3.5	2.8	3.7	3.8
Betaproteobacteria	0.2	0.1	0.1	0.3	0.1	0.1	1	0.4	0.3	0.4	0.3	0.3
Deltaproteobacteria	21.7	22	31.2	18.4	21.8	25	18.1	18.1	28.2	27.8	37.9	34
Epsilonproteobacteria	0.2	0.4	0.2	0.5	0.1	0.1	0.1	0.1	0.3	0.3	0.4	0.1
Gammaproteobacteria	18.5	21.4	15.3	22	23.3	12.7	24.1	17.9	24.2	22.8	20.8	19.3
Spirochaetae	0.3	0.5	1.3	1.1	0.4	2.5	0.1	0.9	0.3	0.6	0.6	0.7
Unclassified	1.7	1.5	8.7	1	1.9	14.4	1.1	0.9	1.6	4.3	1.5	5
Other	1.2	1.4	1.4	1.9	0.8	1.8	1.6	1	1	1	1.1	1.1
